    function [LFC_SR] = LFC_SR_interact_params()
    LFC_SR=sparse(72,72);
    
     LFC_SR(1, 1) = 0 ;
     LFC_SR(2, 1) = -35.36; 
     LFC_SR(3, 1) = -11.12 ;
     LFC_SR(4, 1) = -69.7 ;
     LFC_SR(5, 1) = 156.4 ;
     LFC_SR(6, 1) = 16.51 ;
     LFC_SR(7, 1) = 300 ;
     LFC_SR(8, 1) = 275.8; 
     LFC_SR(9, 1) = 26.76 ;
     LFC_SR(10, 1) = 505.7 ;
     LFC_SR(11, 1) = 114.8 ;
     LFC_SR(12, 1) = 329.3 ;%;poling et al 2001
     LFC_SR(13, 1) = 83.36 ;
     LFC_SR(14, 1) = -30.48 ;
     LFC_SR(15, 1) = 65.33 ;
     LFC_SR(16, 1) = -83.98 ;
     LFC_SR(17, 1) = 1139 ;
     LFC_SR(18, 1) = -101.6; 
     LFC_SR(19, 1) = 24.82 ;
     LFC_SR(20, 1) = 315.3 ;
     LFC_SR(21, 1) = 91.46 ;
     LFC_SR(22, 1) = 34.01 ;
     LFC_SR(23, 1) = 36.7 ;
     LFC_SR(24, 1) = -78.45; 
     LFC_SR(25, 1) = 106.8 ;%;poling et al 2001
     LFC_SR(26, 1) = -32.69 ;
     LFC_SR(27, 1) = 5541 ;
     LFC_SR(28, 1) = -52.65; 
     LFC_SR(29, 1) = -7.481 ;
     LFC_SR(30, 1) = -25.31 ;
     LFC_SR(31, 1) = 139.9 ;%p;oling et al 2001
     LFC_SR(32, 1) = 128 ;
     LFC_SR(33, 1) = -31.52; 
     LFC_SR(34, 1) = -72.88; 
     LFC_SR(35, 1) = 50.49 ;
     LFC_SR(36, 1) = -165.9 ;
     LFC_SR(37, 1) = 47.41 ;
     LFC_SR(38, 1) = -5.132 ;
     LFC_SR(39, 1) = -31.95 ;
     LFC_SR(40, 1) = 147.3 ;
     LFC_SR(41, 1) = 529 ;
     LFC_SR(42, 1) = -34.36 ; %poling et al 2001  
     LFC_SR(43, 1) = 110.2 ;%poling et al 2001
      
     LFC_SR(1, 2) = 86.02 ;
     LFC_SR(2, 2) = 0 ;
     LFC_SR(3, 2) = 3.446; 
     LFC_SR(4, 2) = -113.6 ;
     LFC_SR(5, 2) = 457 ;
     LFC_SR(6, 2) = -12.52; 
     LFC_SR(7, 2) = 496.1 ;
     LFC_SR(8, 2) = 217.5 ;
     LFC_SR(9, 2) = 42.92 ;
     LFC_SR(10, 2) = 56.3 ;%;poling et al 2001 
     LFC_SR(11, 2) = 132.1 ;
     LFC_SR(12, 2) = 110.4  ;%poling et al 2001 
     LFC_SR(13, 2) = 26.51 ;
     LFC_SR(14, 2) = 1.163 ;
     LFC_SR(15, 2) = -28.7 ;
     LFC_SR(16, 2) = -25.38 ;
     LFC_SR(17, 2) = 2000 ;
     LFC_SR(18, 2) = -47.63;  %poling et al 2001 
     LFC_SR(19, 2) = -40.62 ;
     LFC_SR(20, 2) = 1264 ;
     LFC_SR(21, 2) = 40.25 ; %poling et al 2001 
     LFC_SR(22, 2) = -23.5  ;%poling et al 2001 
     LFC_SR(23, 2) = 51.06 ;
     LFC_SR(24, 2) = 160.9 ;
     LFC_SR(25, 2) = 70.32  ;%poling et al 2001 
     LFC_SR(26, 2) = -1.996 ;
     LFC_SR(27, 2) = 0 ;
     LFC_SR(28, 2) = 16.62 ;
     LFC_SR(29, 2) = 0 ;
     LFC_SR(30, 2) = 82.64 ; %poling et al 2001 
     LFC_SR(31, 2) = 0 ;
     LFC_SR(32, 2) = 0 ;
     LFC_SR(33, 2) = 174.6 ; %poling et al 2001 
     LFC_SR(34, 2) = 41.38 ;
     LFC_SR(35, 2) = 64.07  ;%poling et al 2001 
     LFC_SR(36, 2) = 573  ;%po;ling et al 2001 
     LFC_SR(37, 2) = 124.2 ;
     LFC_SR(38, 2) = -131.7 ; %poling et al 2001 
     LFC_SR(39, 2) = 249 ;
     LFC_SR(40, 2) = 62.4 ; %poling et al 2001 
     LFC_SR(41, 2) = 1397 ;
     LFC_SR(42, 2) = 0 ;
     LFC_SR(43, 2) = 0 ;
      
     LFC_SR(1, 3) = 61.13  ;
     LFC_SR(2, 3) = 38.81 ;
     LFC_SR(3, 3) = 0 ;
     LFC_SR(4, 3) = -146.8 ;
     LFC_SR(5, 3) = 89.6; 
     LFC_SR(6, 3) = -50 ;
     LFC_SR(7, 3) = 362.3; 
     LFC_SR(8, 3) = 25.34 ;
     LFC_SR(9, 3) = 140.1 ;
     LFC_SR(10, 3) = 23.39 ; %poling et al 2001 
     LFC_SR(11, 3) = 85.84 ;
     LFC_SR(12, 3) = 18.12  ;%poling et al 2001 
     LFC_SR(13, 3) = 52.13 ;
     LFC_SR(14, 3) = -44.85 ;
     LFC_SR(15, 3) = -22.31 ;
     LFC_SR(16, 3) = -223.9 ;
     LFC_SR(17, 3) = 247.5 ;
     LFC_SR(18, 3) = 31.87 ;
     LFC_SR(19, 3) = -22.97 ;
     LFC_SR(20, 3) = 62.32 ;
     LFC_SR(21, 3) = 4.68 ;
     LFC_SR(22, 3) = 121.3 ;
     LFC_SR(23, 3) = 288.5 ;
     LFC_SR(24, 3) = -4.7 ;
     LFC_SR(25, 3) = -97.27;  %poling et al 2001 
     LFC_SR(26, 3) = 10.38 ;
     LFC_SR(27, 3) = 1824 ;
     LFC_SR(28, 3) = 21.5 ;
     LFC_SR(29, 3) = 28.41 ;
     LFC_SR(30, 3) = 157.3 ;
     LFC_SR(31, 3) = 221.4 ;
     LFC_SR(32, 3) = 58.68 ;
     LFC_SR(33, 3) = -154.2 ; %poling et al 2001 
     LFC_SR(34, 3) = 0 ;
     LFC_SR(35, 3) = -2.504; 
     LFC_SR(36, 3) = -123.6 ; %poling et al 2001 
     LFC_SR(37, 3) = 395.8 ;
     LFC_SR(38, 3) = -237.2 ;
     LFC_SR(39, 3) = -133.9 ;
     LFC_SR(40, 3) = 140.6  ;%poling et al 2001 
     LFC_SR(41, 3) = 317.6 ;
     LFC_SR(42, 3) = 787.9 ; %poling et al 2001 
     LFC_SR(43, 3) = 234.4  ;%poling et al 2001 
      
     LFC_SR(1, 4) = 76.5 ;
     LFC_SR(2, 4) = 74.15 ;
     LFC_SR(3, 4) = 167 ;
     LFC_SR(4, 4) = 0 ;
     LFC_SR(5, 4) = 25.82; 
     LFC_SR(6, 4) = -44.5 ;
     LFC_SR(7, 4) = 377.6 ;
     LFC_SR(8, 4) = 244.2 ;
     LFC_SR(9, 4) = 365.8 ;
     LFC_SR(10, 4) = 106.0 ; %poling et al 2001
     LFC_SR(11, 4) = -170 ;
     LFC_SR(12, 4) = 428  ;%poling et al 2001 
     LFC_SR(13, 4) = 65.69 ;
     LFC_SR(14, 4) = 296.4  ;%poling et al 2001 
     LFC_SR(15, 4) = 223 ;
     LFC_SR(16, 4) = 109.9; 
     LFC_SR(17, 4) = 762.8 ;
     LFC_SR(18, 4) = 49.8 ;
     LFC_SR(19, 4) = -138.4; 
     LFC_SR(20, 4) = 89.86  ;%poling et al 2001 
     LFC_SR(21, 4) = 122.9 ;
     LFC_SR(22, 4) = 140.8  ;%poling et al 2001 
     LFC_SR(23, 4) = 69.9  ;%poling et al 2001 
     LFC_SR(24, 4) = 134.7 ;
     LFC_SR(25, 4) = 402.5  ;%poling et al 2001 
     LFC_SR(26, 4) = -97.05 ;
     LFC_SR(27, 4) = -127.8 ;
     LFC_SR(28, 4) = 40.68 ;
     LFC_SR(29, 4) = 19.56  ;%poling et al 2001 
     LFC_SR(30, 4) = 128.8  ;%poling et al 2001 
     LFC_SR(31, 4) = 150.6 ;
     LFC_SR(32, 4) = 26.41  ;%poling et al 2001 
     LFC_SR(33, 4) = 1112  ;%poling et al 2001 
     LFC_SR(34, 4) = 0 ;
     LFC_SR(35, 4) = -143.2; 
     LFC_SR(36, 4) = 397.4  ;%poling et al 2001 
     LFC_SR(37, 4) = 419.1  ;%poling et al 2001 
     LFC_SR(38, 4) = -157.3 ;
     LFC_SR(39, 4) = -240.2 ;
     LFC_SR(40, 4) = 0 ;
     LFC_SR(41, 4) = 615.8 ;
     LFC_SR(42, 4) = 0 ;%poling et al 2001 
     LFC_SR(43, 4) = 0 ;%poling et al 2001 
      
     LFC_SR(1, 5) = 986.5 ;
     LFC_SR(2, 5) = 524.1 ;
     LFC_SR(3, 5) = 636.1 ;
     LFC_SR(4, 5) = 803.2 ;
     LFC_SR(5, 5) = 0 ;
     LFC_SR(6, 5) = 249.1; 
     LFC_SR(7, 5) =-467.42d0;  %new Peng value %-229.1 %original UNIFAC parameter
     LFC_SR(8, 5) = -451.6 ;
     LFC_SR(9, 5) = 164.5 ;
     LFC_SR(10, 5) = 529.0 ; %poling et al 2001 
     LFC_SR(11, 5) = 245.4 ;
     LFC_SR(12, 5) = 139.4;  %poling et al 2001 
     LFC_SR(13, 5) = 237.7 ;
     LFC_SR(14, 5) = -242.8 ; %poling et al 2001 
     LFC_SR(15, 5) = -150 ;
     LFC_SR(16, 5) = 28.6 ;
     LFC_SR(17, 5) = -17.4 ;
     LFC_SR(18, 5) = -132.3 ;
     LFC_SR(19, 5) = 185.4; 
     LFC_SR(20, 5) =-103.03d0; %new Peng value %-151 %original UNIFAC parameter
     LFC_SR(21, 5) = 562.2 ;
     LFC_SR(22, 5) = 527.6  ;%poling et al 2001 
     LFC_SR(23, 5) = 742.1 ;
     LFC_SR(24, 5) = 856.3 ;
     LFC_SR(25, 5) = 325.7  ;%poling et al 2001 
     LFC_SR(26, 5) = 261.6 ;
     LFC_SR(27, 5) = 561.6 ;
     LFC_SR(28, 5) = 609.8  ;%poling et al 2001 
     LFC_SR(29, 5) = 461.6 ;
     LFC_SR(30, 5) = 521.6 ;
     LFC_SR(31, 5) = 267.6 ;
     LFC_SR(32, 5) = 501.3 ;
     LFC_SR(33, 5) = 524.9 ;
     LFC_SR(34, 5) = 68.95  ;%poling et al 2001
     LFC_SR(35, 5) = -25.87 ;
     LFC_SR(36, 5) = 389.3  ;%poling et al 2001
     LFC_SR(37, 5) = 738.9 ;
     LFC_SR(38, 5) = 649.7 ;
     LFC_SR(39, 5) = 64.16 ;
     LFC_SR(40, 5) = 0 ;
     LFC_SR(41, 5) = 88.63 ;
     LFC_SR(42, 5) = 1913  ;%poling et al 2001 
     LFC_SR(43, 5) = 0  ;%poling et al 2001 
      
     LFC_SR(1, 6) = 697.2 ;
     LFC_SR(2, 6) = 787.6 ;
     LFC_SR(3, 6) = 637.4  ;%poling et al 2001 
     LFC_SR(4, 6) = 603.3  ;%poling et al 2001 
     LFC_SR(5, 6) = -137.1 ;
     LFC_SR(6, 6) = 0 ;
     LFC_SR(7, 6) = 289.6 ;
     LFC_SR(8, 6) = -265.2 ;
     LFC_SR(9, 6) = 108.7 ;
     LFC_SR(10, 6) = -340.2; 
     LFC_SR(11, 6) = 249.63 ;
     LFC_SR(12, 6) = 227.8  ;%;poling et al 2001
     LFC_SR(13, 6) = 238.4  ;%poling et al 2001 
     LFC_SR(14, 6) = -481.7 ;
     LFC_SR(15, 6) = -370.3  ;%poling et al 2001 
     LFC_SR(16, 6) = -406.8 ;
     LFC_SR(17, 6) = -118.1 ;
     LFC_SR(18, 6) = -378.2 ;
     LFC_SR(19, 6) = 162.6  ;%poling et al 2001
